3,1,100000
3,100001,200000
3,200001,300000
3,300001,400000
3,400001,500000
3,500001,600000
3,600001,700000
3,700001,800000
3,800001,900000
3,900001,1000000
3,1000001,1100000
3,1100001,1202411
4,1,100000
4,100001,200000
4,200001,300000
4,300001,400000
4,400001,500000
4,500001,600000
4,600001,700000
4,700001,800000
4,800001,900000
4,900001,1000000
4,1000001,1100000
4,1100001,1202411
5,1,100000
5,100001,200000
5,200001,300000
5,300001,400000
5,400001,500000
5,500001,600000
5,600001,700000
5,700001,800000
5,800001,900000
5,900001,1000000
5,1000001,1100000
5,1100001,1202411
6,1,100000
6,100001,200000
6,200001,300000
6,300001,400000
6,400001,500000
6,500001,600000
6,600001,700000
6,700001,800000
6,800001,900000
6,900001,1000000
6,1000001,1100000
6,1100001,1202411
7,1,100000
7,100001,200000
7,200001,300000
7,300001,400000
7,400001,500000
7,500001,600000
7,600001,700000
7,700001,800000
7,800001,900000
7,900001,1000000
7,1000001,1100000
7,1100001,1202411
8,1,100000
8,100001,200000
8,200001,300000
8,300001,400000
8,400001,500000
8,500001,600000
8,600001,700000
8,700001,800000
8,800001,900000
8,900001,1000000
8,1000001,1100000
8,1100001,1202411
